..\502\GL\stl_model\dwb\base_link.STL	0	0	0	0	0	0	 0	0	0	0	0	0	0.115	0	0	1	0.5	0.5	0.5	1	1	0
..\502\GL\stl_model\dwb\link1.STL	0	0	0	0	0	0	1	1.1781	-1.5708	0	-0.16057	-0.06651	-1.0763	-1	0	0	1	1	1	1	1	-113
..\502\GL\stl_model\dwb\link2.STL	0	0	0	0	0	0	2	-2.688	1.5708	2.0244	0.076	0	0	0	0	-1	1	1	1	1	1	0
..\502\GL\stl_model\dwb\link3.STL	0	0	0	0	0	0	3	3.1416	0	0.06545	0	2.0006	0	0	0	-1	1	1	1	1	1	0
..\502\GL\stl_model\dwb\link4.STL	0	0	0	0	0	0	4	2.9452	-1.5708	0	0	-1.354	0.3225	-1	0	0	1	1	1	1	1	0
..\502\GL\stl_model\dwb\link5.STL	0	0	0	0	0	0	5	-1.5708	0	-3.1416	0.0675	0	0	0	0	-1	1	1	1	1	1	0
..\502\GL\stl_model\dwb\link6.STL	0	0	0	0	0	0	6	3.1416	0	-3.1416	0	0.521	0.0165	0	0	-1	1	1	1	1	1	0
..\502\GL\stl_model\dwb\link7.STL	0	0	0	0	0	0	7	0	-1.2566	0	0	0.367	0	0	-1	0	1	1	1	1	1	0
..\502\GL\stl_model\dwb\link8.STL	0	0	0	0	0	0	8	0	1.2566	0	0	0.048	0	0	0	-1	1	1	1	1	1	1	0
..\502\GL\stl_model\dwb\link9.STL	0	0	0	0	0	0	9	-1.5708	0	-1.5708	0	0.055	-0.115	-1	0	0	1	1	1	1	1	0
..\502\GL\stl_model\dwb\link10.STL	0	0	0	0	0	0	4	3.1416	0	0.19635	0	-1.354	-0.39	0	0	-1	1	1	1	1	1	163
..\502\GL\stl_model\dwb\link11.STL	0	0	0	0	0	0	11	1.5107	-0.84926	-3.0616	0	0.141	0	0.052796	0	-0.99861	1	1	1	1	1	-41
..\502\GL\stl_model\dwb\link12.STL	0	0	0	0	0	0	12	0	0	0	0	0.521	0	-0.052796	0	0.99861	1	1	1	1	1	-13
..\502\GL\stl_model\dwb\link13.STL	0	0	0	0	0	0	13	-3.1311	0.20591	-2.9434	-0.064925	0.35995	-0.12811	0	-1	0	1	1	1	1	1	63
..\502\GL\stl_model\dwb\link14.STL	0	0	0	0	0	0	14	-1.8875	0.12494	1.53	0	0.048	0	0	0	1	1	1	1	1	1	8
..\502\GL\stl_model\dwb\link15.STL	0	0	0	0	0	0	15	0.28552	1.5708	0	0	0	0.115	0	0	1	1	1	1	1	1	0
